10
3
73 21 21
11 59 40
24 31 83
5
93 4 65 31 66
63 12 60 60 84
87 57 44 35 20
12 9 40 12 40
60 21 3 49 54
6
55 83 32 79 53 70
77 88 80 93 42 29
54 26 5 10 25 94
77 92 82 83 11 51
84 11 21 62 45 58
37 88 13 34 41 4
8
28 65 27 40 28 1 51 88
71 92 90 49 52 70 95 34
82 63 23 61 98 74 80 11
86 86 37 82 81 68 35 50
13 99 61 26 79 58 19 39
16 91 53 50 24 23 60 94
45 15 59 80 35 25 32 35
36 92 15 21 83 97 67 30
9
54 1 73 50 3 35 17 44 69
48 83 9 28 58 33 69 57 39
91 73 78 75 2 36 66 26 92
11 77 21 5 21 88 42 15 37
4 95 24 39 97 38 36 43 89
78 83 22 98 85 49 22 51 42
24 83 38 83 54 79 53 42 19
76 33 47 93 31 18 2 29 32
53 80 23 89 68 80 89 92 27
10
46 22 34 8 34 43 24 92 10 40
75 38 56 95 21 87 81 78 1 19
13 30 3 72 46 14 10 56 61 41
90 86 66 58 39 35 59 10 70 61
97 51 72 91 58 27 50 41 65 98
35 12 83 37 5 73 47 42 86 80
13 35 99 8 35 66 87 60 22 90
12 53 83 49 61 9 37 15 33 63
57 43 46 38 68 64 58 62 46 95
25 4 24 77 72 2 84 14 51 38
12
22 53 9 66 55 53 60 19 82 72 8 10
69 57 66 73 15 40 60 27 52 26 49 23
81 84 34 66 2 27 23 63 58 81 89 82
41 42 5 85 79 19 87 21 54 48 52 27
71 99 79 42 20 41 9 67 68 84 83 84
13 93 23 62 26 65 60 66 22 56 53 6
8 85 56 19 18 81 79 42 79 88 52 62
51 8 73 4 64 10 91 21 97 58 84 94
16 5 94 67 22 91 88 13 47 13 68 13
9 85 47 96 79 62 90 33 94 57 36 29
48 7 96 28 76 27 69 57 17 9 40 20
16 7 12 71 73 48 51 96 25 41 76 6
14
10 83 78 79 48 74 9 77 90 28 14 38 21 63
58 79 14 96 16 42 21 19 48 84 56 53 6 45
8 94 10 14 2 26 70 11 53 6 26 20 63 38
30 72 48 90 58 25 90 95 11 38 5 2 45 87
67 92 2 23 50 48 12 4 87 72 91 24 1 57
49 56 34 9 98 35 21 92 90 94 25 44 88 93
80 93 69 48 71 46 83 72 88 65 68 89 95 15
42 96 26 93 55 24 67 21 51 12 50 12 5 19
94 88 84 82 8 88 12 72 30 97 64 27 7 68
88 25 50 56 90 94 13 41 45 95 24 68 87 77
96 50 69 65 70 84 5 58 92 40 86 97 5 46
30 98 37 39 3 91 71 6 81 65 91 83 43 74
61 51 81 87 61 69 76 36 23 98 27 63 90 63
25 96 51 96 43 88 55 19 61 9 78 83 28 41
15
40 61 92 2 36 78 75 83 96 90 38 69 19 5 99
20 1 30 84 77 24 62 32 78 88 7 40 29 86 21
16 38 81 79 62 52 98 69 89 90 1 92 88 32 22
89 47 40 72 72 43 81 70 68 97 37 8 64 34 42
6 57 2 59 86 1 40 34 99 55 9 20 21 15 85
32 92 44 62 16 97 83 99 83 41 48 16 16 32 9
60 69 48 38 19 90 75 45 37 90 82 71 94 65 46
57 8 7 87 72 12 25 21 13 75 95 77 45 34 53
25 19 59 66 17 23 65 1 10 94 84 1 89 68 79
5 17 76 55 30 62 88 31 30 27 72 16 61 23 11
68 66 1 34 91 25 15 80 17 45 3 87 38 73 61
1 65 1 19 91 51 11 66 13 30 78 53 31 83 60
12 8 8 64 19 49 41 69 43 84 17 61 14 26 73
57 34 35 32 2 85 79 37 90 48 74 92 1 79 19
66 5 81 7 17 35 83 23 14 60 97 22 85 73 46
15
67 89 32 41 49 24 41 94 74 82 46 53 18 69 12
37 24 74 44 63 86 28 51 50 70 35 89 69 89 9
89 53 29 5 13 11 26 61 33 74 74 73 88 23 91
87 12 1 93 39 60 85 40 47 73 17 68 53 87 51
90 50 1 34 90 61 48 71 61 36 76 96 34 20 64
94 53 41 84 91 38 11 68 71 64 50 44 32 49 41
17 29 38 41 84 35 88 24 24 46 57 13 60 83 66
53 52 6 74 2 99 80 21 66 21 46 69 88 88 87
8 91 73 87 56 85 99 47 20 77 56 55 30 24 51
98 47 29 66 86 31 8 9 83 70 2 4 26 70 81
21 24 98 17 88 6 79 63 93 12 40 30 99 17 1
77 4 60 8 20 55 68 12 73 49 63 70 36 35 29
97 24 34 30 34 54 29 62 48 20 93 16 63 12 39
45 1 55 56 26 41 25 3 74 13 82 44 31 67 9
68 67 87 79 11 39 85 63 94 31 16 77 15 91 64