6
5 10 3
0 1 1 1 0 0 1 1 1 0
0 0 1 1 0 0 1 1 0 0
0 0 1 1 0 0 0 0 0 0
0 0 0 0 0 1 1 0 0 0
0 0 0 0 0 0 0 0 0 0
5 10 2
0 0 0 0 0 0 0 0 0 0
0 0 0 0 0 0 0 0 0 0
0 0 0 0 0 0 0 0 0 0
0 0 0 0 0 0 0 0 0 0
0 0 0 0 0 0 0 0 0 0
5 10 2
0 0 0 0 0 0 0 0 0 0
0 0 0 0 0 0 0 0 0 0
0 0 0 0 0 0 0 0 0 0
1 1 1 1 1 1 1 1 1 1
0 0 0 0 0 0 0 0 0 0
5 10 2
0 0 0 0 0 0 0 0 0 0
0 0 0 0 0 0 0 0 0 0
0 0 0 0 0 0 0 0 0 0
0 0 0 0 0 0 0 0 0 0
1 1 1 1 1 1 1 1 1 1
4 4 4
1 1 1 1
1 1 1 1
1 1 1 1
1 1 1 1
10 10 2
0 0 1 0 0 0 0 0 0 0
0 0 1 0 0 0 0 0 0 0
0 0 1 1 1 1 0 0 0 0
1 1 1 1 1 1 1 1 1 1
0 0 0 0 0 0 1 1 1 0
0 1 1 1 1 0 1 0 0 0
0 0 0 0 1 0 0 0 0 0
0 0 0 0 1 1 0 1 1 0
1 1 1 0 0 1 0 1 1 1
0 0 0 0 0 0 0 0 0 0

